# K N T
3 15 5
#  a b
0.6300 0.2300 0.000
0.0000 0.4000 1
# tau_low  N*T
0.0000 0.0000 0.0000 0.0000 0.0000
0.0000 0.0000 0.0000 0.0000 0.0000
0.0000 0.0000 0.0000 0.0000 0.0000
0.0000 0.0000 0.0000 0.0000 0.0000
0.0000 0.0000 0.0000 0.0000 0.0000
0.0000 0.0000 0.0000 0.0000 0.0000
0.0000 0.0000 0.0000 0.0000 0.0000
0.0000 0.0000 0.0000 0.0000 0.0000
0.0000 0.0000 0.0000 0.0000 0.0000
0.0000 0.0000 0.0000 0.0000 0.0000
0.0000 0.0000 0.0000 0.0000 0.0000
0.0000 0.0000 0.0000 0.0000 0.0000
0.0000 0.0000 0.0000 0.0000 0.0000
0.0000 0.0000 0.0000 0.0000 0.0000
0.0000 0.0000 0.0000 0.0000 0.0000
# tau_up N*T
35.0000 35.0000 35.0000 35.0000 35.0000
35.0000 35.0000 35.0000 35.0000 35.0000
35.0000 35.0000 35.0000 35.0000 35.0000
35.0000 35.0000 35.0000 35.0000 35.0000
35.0000 35.0000 35.0000 35.0000 35.0000
35.0000 35.0000 35.0000 35.0000 35.0000
35.0000 35.0000 35.0000 35.0000 35.0000
35.0000 35.0000 35.0000 35.0000 35.0000
35.0000 35.0000 35.0000 35.0000 35.0000
35.0000 35.0000 35.0000 35.0000 35.0000
35.0000 35.0000 35.0000 35.0000 35.0000
35.0000 35.0000 35.0000 35.0000 35.0000
35.0000 35.0000 35.0000 35.0000 35.0000
35.0000 35.0000 35.0000 35.0000 35.0000
35.0000 35.0000 35.0000 35.0000 35.0000
# d_low 
10.1419 10.2245 10.3102 10.2807 10.0326
10.3337 10.3532 10.2679 10.2816 10.2612
10.4700 10.3502 10.3830 10.3389 10.2115
10.2919 10.5312 10.2900 10.3575 10.1530
10.3422 10.1254 10.2788 10.3631 10.2752
10.2203 10.3264 10.3732 10.4007 10.1866
10.7798 10.3795 10.2335 10.1101 10.3515
10.1948 10.6122 10.2816 10.0615 10.2070
10.4194 10.2864 10.1344 10.4293 10.3217
10.1449 10.2872 10.0156 10.3591 10.1649
10.2920 10.4240 10.8769 10.4229 10.3652
10.4359 10.6083 10.1957 10.2806 10.3004
10.6148 10.4012 10.6285 10.4774 10.2329
10.1375 10.2609 10.3134 10.3641 10.1517
10.1818 10.2132 10.2196 10.4844 10.3416 
#d_up
18.0250 17.3955 18.0832 17.9449 17.9723
18.8325 17.7855 18.4985 17.9272 17.1506
17.2865 18.9283 17.9115 17.5124 17.8333
18.8298 17.1200 17.8862 18.1623 17.7645
18.7159 18.6593 18.3252 18.4811 17.8242
18.3820 18.6692 17.6904 17.6434 18.3896
18.8914 18.1140 18.0812 18.0591 18.0023
17.8263 17.8008 18.4863 17.7348 17.5393
18.4520 17.2164 17.9682 17.0120 18.5863
17.1014 18.6791 18.2740 18.1266 18.1577
17.4667 19.0040 18.1683 18.5623 17.0756
17.0185 17.9323 18.0377 19.2939 17.5872
18.2460 17.1761 17.4171 18.2955 17.2600
18.4497 17.0837 18.4061 17.7052 18.2005
18.6932 18.7982 19.1063 17.6306 19.0706
#mu 
13.2855 13.3508 13.4707 13.2507 13.5192
13.3444 13.2113 13.4483 13.5065 13.3107
13.3280 13.2969 13.4572 13.4027 13.0550
13.3924 13.2943 13.1488 13.5672 12.9592
13.4471 13.3220 13.2073 13.2583 13.3882
13.2030 13.4370 13.0245 13.2509 13.5170
13.5921 13.2802 13.4503 13.3628 13.3294
13.4564 13.5731 13.4082 13.2645 13.5079
13.6788 13.1925 13.2818 13.3133 13.2697
13.2143 13.3421 13.6103 13.4389 12.8984
13.3283 13.4286 13.7086 13.3715 13.3271
13.4670 13.5761 13.3060 13.3625 13.4337
13.4967 13.4124 13.2206 13.2881 13.1848
13.1198 13.2639 13.2030 13.3152 13.3376
13.6800 13.4736 13.4900 13.5559 13.5774 
# cost
0.0000 82.3660 6.2962 70.1257 108.6148 39.0137 41.5267 65.0651 25.1858 68.7063 111.5364 53.6757 41.0194 41.8515 32.0994 3.3353 
82.3660 0.0000 87.8499 91.2265 56.5178 87.4621 41.1694 75.6418 62.9570 25.6333 58.1637 75.0033 88.1857 65.8765 52.0481 84.8199 
6.2962 87.8499 0.0000 68.9312 111.7871 36.8382 46.7909 65.2734 31.4744 73.1407 114.7285 53.6828 38.8204 43.0752 38.2062 6.2541 
70.1257 91.2265 68.9312 0.0000 73.8134 32.7287 66.7079 15.6646 81.0040 65.6291 76.3830 19.7231 30.9153 34.2111 76.1376 73.0448 
108.6148 56.5178 111.7871 73.8134 0.0000 90.9520 73.3854 61.2686 100.2966 45.1975 2.9604 69.3107 90.4085 71.4770 89.2408 111.8706 
39.0137 87.4621 36.8382 32.7287 90.9520 0.0000 51.2865 33.2941 55.4220 64.7770 93.8621 22.3973 2.0057 22.2040 54.3499 41.5983 
41.5267 41.1694 46.7909 66.7079 73.3854 51.2865 0.0000 53.6735 26.9585 29.2039 76.1084 47.1637 52.5292 33.5223 15.8947 44.1922 
65.0651 75.6418 65.2734 15.6646 61.2686 33.2941 53.6735 0.0000 71.3930 50.0215 64.0166 11.6607 32.0971 24.2958 64.9335 68.2619 
25.1858 62.9570 31.4744 81.0040 100.2966 55.4220 26.9585 71.3930 0.0000 56.0311 103.0381 61.7933 57.2648 47.3667 11.4736 26.1373 
68.7063 25.6333 73.1407 65.6291 45.1975 64.7770 29.2039 50.0215 56.0311 0.0000 47.7554 49.9994 65.2045 42.6087 44.6849 71.6983 
111.5364 58.1637 114.7285 76.3830 2.9604 93.8621 76.1084 64.0166 103.0381 47.7554 0.0000 72.1754 93.3066 74.4330 91.9460 114.7890 
53.6757 75.0033 53.6828 19.7231 69.3107 22.3973 47.1637 11.6607 61.7933 49.9994 72.1754 0.0000 21.4864 14.5695 56.4734 56.8324 
41.0194 88.1857 38.8204 30.9153 90.4085 2.0057 52.5292 32.0971 57.2648 65.2045 93.3066 21.4864 0.0000 22.5982 55.9929 43.6012 
41.8515 65.8765 43.0752 34.2111 71.4770 22.2040 33.5223 24.2958 47.3667 42.6087 74.4330 14.5695 22.5982 0.0000 41.9281 45.1479 
32.0994 52.0481 38.2062 76.1376 89.2408 54.3499 15.8947 64.9335 11.4736 44.6849 91.9460 56.4734 55.9929 41.9281 0.0000 33.9615 
3.3353 84.8199 6.2541 73.0448 111.8706 41.5983 44.1922 68.2619 26.1373 71.6983 114.7890 56.8324 43.6012 45.1479 33.9615 0.0000 
# budget--70%
350.8 245.56 245.56 245.56 245.56

