# K N T
3 10 5
#  a b
0.6300 0.2300 0.000
0.0000 0.4000 1
# tau_low  N*T
0.0000 0.0000 0.0000 0.0000 0.0000
0.0000 0.0000 0.0000 0.0000 0.0000
0.0000 0.0000 0.0000 0.0000 0.0000
0.0000 0.0000 0.0000 0.0000 0.0000
0.0000 0.0000 0.0000 0.0000 0.0000
0.0000 0.0000 0.0000 0.0000 0.0000
0.0000 0.0000 0.0000 0.0000 0.0000
0.0000 0.0000 0.0000 0.0000 0.0000
0.0000 0.0000 0.0000 0.0000 0.0000
0.0000 0.0000 0.0000 0.0000 0.0000
# tau_up N*T
46.6667 46.6667 46.6667 46.6667 46.6667
46.6667 46.6667 46.6667 46.6667 46.6667
46.6667 46.6667 46.6667 46.6667 46.6667
46.6667 46.6667 46.6667 46.6667 46.6667
46.6667 46.6667 46.6667 46.6667 46.6667
46.6667 46.6667 46.6667 46.6667 46.6667
46.6667 46.6667 46.6667 46.6667 46.6667
46.6667 46.6667 46.6667 46.6667 46.6667
46.6667 46.6667 46.6667 46.6667 46.6667
46.6667 46.6667 46.6667 46.6667 46.6667
# d_low 
10.0309 10.2810 10.2026 10.4753 10.3787
10.3680 10.1389 10.3160 10.4715 10.2791
10.2278 10.2596 10.5293 10.5786 10.4840
10.0338 10.2159 10.1986 10.3339 10.2596
10.1406 10.5677 10.1408 10.1335 10.2082
10.5991 10.0661 10.1504 10.5901 10.3148
10.5293 10.4322 10.4341 10.1711 10.2201
10.4967 10.2751 10.1300 10.4048 10.4000
10.4549 10.0986 10.1509 10.5396 10.1876
10.5862 10.1766 10.7622 10.1619 10.2082
#d_up
18.7762 18.5571 17.9923 18.5655 17.4408
17.9331 18.9353 17.9472 17.4464 18.7806
18.3160 18.2147 17.6834 17.4710 18.1127
18.5424 17.4053 18.0783 17.9114 16.9785
18.7330 16.7672 18.3303 18.0010 17.2716
17.6457 18.5525 17.5065 17.9546 18.2798
17.5979 18.6192 18.0512 18.5806 17.0214
16.9531 17.0213 18.1008 18.0933 17.5630
17.4444 17.6483 17.6914 17.8119 18.0475
18.0542 17.6541 17.8099 18.9658 17.6223
#mu 
13.7443 13.1643 13.0560 13.6497 13.5222
13.2424 13.4948 13.5319 13.0857 13.4415
13.4128 13.0689 13.3648 13.4266 13.2341
13.6968 13.2913 13.4648 13.6007 13.2513
13.6971 13.4630 13.4548 13.2470 13.3725
13.3516 13.5532 13.2780 13.4040 13.2657
13.4919 13.5556 13.2578 12.8951 13.0402
13.2651 13.0187 13.3498 13.3819 13.1264
13.2315 13.5667 13.3205 13.4537 13.2755
13.2978 13.2674 13.6530 13.1431 13.2311
# cost
0.0000 297.5113 234.5464 318.7099 47.4342 279.5514 375.6940 439.0046 430.2023 182.5705 135.1481 
297.5113 0.0000 87.2067 24.7588 323.5012 298.8545 163.2330 156.9522 253.0316 171.6188 181.6480 
234.5464 87.2067 0.0000 98.4886 268.9275 316.4127 238.8012 243.8463 324.7799 84.7585 149.4958 
318.7099 24.7588 98.4886 0.0000 346.1011 321.6971 172.0291 147.7329 262.4690 182.9645 205.6526 
47.4342 323.5012 268.9275 346.1011 0.0000 256.9611 382.5389 456.4263 428.2102 225.3042 147.8682 
279.5514 298.8545 316.4127 321.6971 256.9611 0.0000 229.6541 343.6510 222.2004 344.4488 193.8298 
375.6940 163.2330 238.8012 172.0291 382.5389 229.6541 0.0000 117.2902 90.4434 314.2133 240.6013 
439.0046 156.9522 243.8463 147.7329 456.4263 343.6510 117.2902 0.0000 182.8797 328.4951 308.5612 
430.2023 253.0316 324.7799 262.4690 428.2102 222.2004 90.4434 182.8797 0.0000 395.5781 299.0602 
182.5705 171.6188 84.7585 182.9645 225.3042 344.4488 314.2133 328.4951 395.5781 0.0000 153.0131 
135.1481 181.6480 149.4958 205.6526 147.8682 193.8298 240.6013 308.5612 299.0602 153.0131 0.0000
# budget 
1346.0936 942.2655 942.2655 942.2655  942.2655

