3 10 5
0.63000000000000 0.23000000000000 0.09000000000000 
0.00000000000000 0.40000000000000 0.68000000000000 

0.00000000000000 0.00000000000000 0.00000000000000 0.00000000000000 0.00000000000000 
0.00000000000000 0.00000000000000 0.00000000000000 0.00000000000000 0.00000000000000 
0.00000000000000 0.00000000000000 0.00000000000000 0.00000000000000 0.00000000000000 
0.00000000000000 0.00000000000000 0.00000000000000 0.00000000000000 0.00000000000000 
0.00000000000000 0.00000000000000 0.00000000000000 0.00000000000000 0.00000000000000 
0.00000000000000 0.00000000000000 0.00000000000000 0.00000000000000 0.00000000000000 
0.00000000000000 0.00000000000000 0.00000000000000 0.00000000000000 0.00000000000000 
0.00000000000000 0.00000000000000 0.00000000000000 0.00000000000000 0.00000000000000 
0.00000000000000 0.00000000000000 0.00000000000000 0.00000000000000 0.00000000000000 
0.00000000000000 0.00000000000000 0.00000000000000 0.00000000000000 0.00000000000000 

37.72256604057564 37.03265282989776 37.33259895463302 37.35037049746615 36.62802258305672 
36.83814397159456 37.79232855590347 36.53684640548584 36.48095954313897 37.88766177956426 
36.31338263106611 35.74065910768476 37.55150177360081 37.81570167171669 36.99663287610669 
36.68290236043578 38.21107737818059 37.60720510498089 38.34950153531961 37.64308002879682 
38.59258582171579 37.50339212978803 38.41675232453662 37.25323951308459 37.86719882316356 
37.26576886407932 38.63241173167071 37.56784191391613 37.41321169210440 35.44938901799018 
37.52447738708568 38.01593977015372 36.91818081230581 38.34837517947852 36.49762662238154 
38.62171834849792 38.12214343683378 35.96476430381062 37.19798750429135 36.91444631803652 
36.25636409240690 37.64909590999575 37.50219113263353 38.80499381491797 38.90992758054285 
36.82281057759487 38.33242694680402 37.68481388279115 37.93920308908894 38.14811592517610 

10.07622182603838 10.02082255902254 10.02182882978158 10.02199228155008 10.03805071116380 
10.05786674331359 10.03599178512488 10.02824680880370 10.01802436775017 10.07987246384841 
10.02874567406922 10.12819717641180 10.14735150387216 10.61529993559590 10.04479412688986 
10.12177633124445 10.18093777591850 10.29597604188509 10.11098201156384 10.08267190076473 
10.22168161119840 10.06262931275709 10.03667254001756 10.15576651323488 10.04708824447521 
10.00145889585872 10.01897468232060 10.17488853544344 10.03267956898377 10.03925381694903 
10.18924453533004 10.05214378704600 10.08112382378456 10.04890006269536 10.01798460493283 
10.07960090648374 10.15019726710166 10.00420982483873 10.03036686685644 10.03970660735847 
10.24332280276421 10.06865656936277 10.07414092777161 10.07681743010805 10.11637535414574 
10.00082924962063 10.09235669628074 10.11420542376913 10.00914878910621 10.00578415813059 

19.99786445870946 19.89326859821875 19.99544278485594 19.89311620590583 19.98664467129546 
19.99904407653936 19.91154386427057 19.76702142035752 19.98230876167824 19.98643836704699 
19.96002074330114 19.94107800068825 19.98835092177343 19.81994906669016 19.80030882866129 
19.89270260089373 19.91785401709328 19.91420118834688 19.94262340477263 19.78996938555268 
19.88293088737012 19.96144542004016 19.98616066062501 19.86284184033583 19.95192750588803 
19.98479045694340 19.95700040598330 19.94999642948387 19.97882832074045 19.94097937828418 
19.99247546307567 19.99609941150902 19.96912087080281 19.98256917344001 19.99538418836784 
19.99959519132962 19.87039586758949 19.97453818329948 19.98815834289141 19.90994423160095 
19.81465253508991 19.98207470867365 19.97594434767402 19.91493042090789 19.88306679294516 
19.63243969940405 19.98469950863736 19.78736777784940 19.88670704883679 19.79951472016971 

15.08902641623026 14.81306113195910 14.93303958185321 14.94014819898646 14.65120903322269 
14.73525758863782 15.11693142236139 14.61473856219434 14.59238381725559 15.15506471182570 
14.52535305242644 14.29626364307391 15.02060070944033 15.12628066868668 14.79865315044268 
14.67316094417432 15.28443095127224 15.04288204199236 15.33980061412784 15.05723201151873 
15.43703432868632 15.00135685191522 15.36670092981465 14.90129580523384 15.14687952926543 
14.90630754563173 15.45296469266828 15.02713676556645 14.96528467684176 14.17975560719607 
15.00979095483427 15.20637590806149 14.76727232492233 15.33935007179141 14.59905064895262 
15.44868733939917 15.24885737473351 14.38590572152425 14.87919500171654 14.76577852721461 
14.50254563696276 15.05963836399830 15.00087645305341 15.52199752596719 15.56397103221714 
14.72912423103795 15.33297077872161 15.07392555311646 15.17568123563558 15.25924637007044 

0.00000000000000 32.75667870831840 45.17742799230607 21.95449840010015 55.22680508593631 44.28317965096906 88.02272433866155 23.19482700948640 42.80186911806539 57.14017850864661 53.15072906367325 
32.75667870831840 0.00000000000000 59.05929224093360 13.60147050873544 86.81589716175259 69.35416353759881 99.62429422585637 46.09772228646444 33.06055050963308 83.63013810822029 73.00684899377592 
45.17742799230607 59.05929224093360 0.00000000000000 57.97413216254298 53.45091205957107 23.53720459187964 43.04648650006177 23.08679276123039 35.51056180912941 35.12833614050059 16.55294535724685 
21.95449840010015 13.60147050873544 57.97413216254298 0.00000000000000 77.17512552629896 63.60031446463138 100.44899203078147 40.49691346263317 39.92492955535426 77.33692520394123 69.77822009767804 
55.22680508593631 86.81589716175259 53.45091205957107 77.17512552629896 0.00000000000000 30.08321791298265 76.69419795525604 44.40720662234904 81.05553651663777 24.83948469674844 42.72001872658765 
44.28317965096906 69.35416353759881 23.53720459187964 63.60031446463138 30.08321791298265 0.00000000000000 52.39274758971894 23.34523505985750 54.81788029466298 14.42220510185596 14.42220510185596 
88.02272433866155 99.62429422585637 43.04648650006177 100.44899203078147 76.69419795525604 52.39274758971894 0.00000000000000 65.19202405202648 69.77105417004964 51.85556864985669 38.27531841800928 
23.19482700948640 46.09772228646444 23.08679276123039 40.49691346263317 44.40720662234904 23.34523505985750 65.19202405202648 0.00000000000000 37.12142238654117 37.53664875824692 30.08321791298265 
42.80186911806539 33.06055050963308 35.51056180912941 39.92492955535426 81.05553651663777 54.81788029466298 69.77105417004964 37.12142238654117 0.00000000000000 68.62215385719105 51.97114584074513 
57.14017850864661 83.63013810822029 35.12833614050059 77.33692520394123 24.83948469674844 14.42220510185596 51.85556864985669 37.53664875824692 68.62215385719105 0.00000000000000 20.39607805437114 
53.15072906367325 73.00684899377592 16.55294535724685 69.77822009767804 42.72001872658765 14.42220510185596 38.27531841800928 30.08321791298265 51.97114584074513 20.39607805437114 0.00000000000000 

306.80000000000001 176.05000000000000 176.05000000000000 176.05000000000000 176.05000000000000 
