# K N T
3 10 7
#  a b
0.6300 0.2300 0.000
0.0000 0.4000 1
# tau_low  N*T
0.0000 0.0000 0.0000 0.0000 0.0000 0.0000 0.0000
0.0000 0.0000 0.0000 0.0000 0.0000 0.0000 0.0000
0.0000 0.0000 0.0000 0.0000 0.0000 0.0000 0.0000
0.0000 0.0000 0.0000 0.0000 0.0000 0.0000 0.0000
0.0000 0.0000 0.0000 0.0000 0.0000 0.0000 0.0000
0.0000 0.0000 0.0000 0.0000 0.0000 0.0000 0.0000
0.0000 0.0000 0.0000 0.0000 0.0000 0.0000 0.0000
0.0000 0.0000 0.0000 0.0000 0.0000 0.0000 0.0000
0.0000 0.0000 0.0000 0.0000 0.0000 0.0000 0.0000
0.0000 0.0000 0.0000 0.0000 0.0000 0.0000 0.0000
# tau_up N*T
70.0000 70.0000 70.0000 70.0000 70.0000 70.0000 70.0000
70.0000 70.0000 70.0000 70.0000 70.0000 70.0000 70.0000
70.0000 70.0000 70.0000 70.0000 70.0000 70.0000 70.0000
70.0000 70.0000 70.0000 70.0000 70.0000 70.0000 70.0000
70.0000 70.0000 70.0000 70.0000 70.0000 70.0000 70.0000
70.0000 70.0000 70.0000 70.0000 70.0000 70.0000 70.0000
70.0000 70.0000 70.0000 70.0000 70.0000 70.0000 70.0000
70.0000 70.0000 70.0000 70.0000 70.0000 70.0000 70.0000
70.0000 70.0000 70.0000 70.0000 70.0000 70.0000 70.0000
70.0000 70.0000 70.0000 70.0000 70.0000 70.0000 70.0000
# d_low 
10.0000 10.0000 10.0000 10.0000 10.0000 10.0000 10.0000
10.0000 10.0000 10.0000 10.0000 10.0000 10.0000 10.0000
10.0000 10.0000 10.0000 10.0000 10.0000 10.0000 10.0000
10.0000 10.0000 10.0000 10.0000 10.0000 10.0000 10.0000
10.0000 10.0000 10.0000 10.0000 10.0000 10.0000 10.0000
10.0000 10.0000 10.0000 10.0000 10.0000 10.0000 10.0000
10.0000 10.0000 10.0000 10.0000 10.0000 10.0000 10.0000
10.0000 10.0000 10.0000 10.0000 10.0000 10.0000 10.0000
10.0000 10.0000 10.0000 10.0000 10.0000 10.0000 10.0000
#d_up
20.0000 20.0000 20.0000 20.0000 20.0000 20.0000 20.0000
20.0000 20.0000 20.0000 20.0000 20.0000 20.0000 20.0000
20.0000 20.0000 20.0000 20.0000 20.0000 20.0000 20.0000
20.0000 20.0000 20.0000 20.0000 20.0000 20.0000 20.0000
20.0000 20.0000 20.0000 20.0000 20.0000 20.0000 20.0000
20.0000 20.0000 20.0000 20.0000 20.0000 20.0000 20.0000
20.0000 20.0000 20.0000 20.0000 20.0000 20.0000 20.0000
20.0000 20.0000 20.0000 20.0000 20.0000 20.0000 20.0000
20.0000 20.0000 20.0000 20.0000 20.0000 20.0000 20.0000
20.0000 20.0000 20.0000 20.0000 20.0000 20.0000 20.0000
#mu 
13.3334 13.3334 13.3334 13.3334 13.3334 13.3334 13.3334
13.3334 13.3334 13.3334 13.3334 13.3334 13.3334 13.3334
13.3334 13.3334 13.3334 13.3334 13.3334 13.3334 13.3334
13.3334 13.3334 13.3334 13.3334 13.3334 13.3334 13.3334
13.3334 13.3334 13.3334 13.3334 13.3334 13.3334 13.3334
13.3334 13.3334 13.3334 13.3334 13.3334 13.3334 13.3334
13.3334 13.3334 13.3334 13.3334 13.3334 13.3334 13.3334
13.3334 13.3334 13.3334 13.3334 13.3334 13.3334 13.3334
13.3334 13.3334 13.3334 13.3334 13.3334 13.3334 13.3334
13.3334 13.3334 13.3334 13.3334 13.3334 13.3334 13.3334
# cost
0.0000 297.5113 234.5464 318.7099 47.4342 279.5514 375.6940 439.0046 430.2023 182.5705 135.1481 
297.5113 0.0000 87.2067 24.7588 323.5012 298.8545 163.2330 156.9522 253.0316 171.6188 181.6480 
234.5464 87.2067 0.0000 98.4886 268.9275 316.4127 238.8012 243.8463 324.7799 84.7585 149.4958 
318.7099 24.7588 98.4886 0.0000 346.1011 321.6971 172.0291 147.7329 262.4690 182.9645 205.6526 
47.4342 323.5012 268.9275 346.1011 0.0000 256.9611 382.5389 456.4263 428.2102 225.3042 147.8682 
279.5514 298.8545 316.4127 321.6971 256.9611 0.0000 229.6541 343.6510 222.2004 344.4488 193.8298 
375.6940 163.2330 238.8012 172.0291 382.5389 229.6541 0.0000 117.2902 90.4434 314.2133 240.6013 
439.0046 156.9522 243.8463 147.7329 456.4263 343.6510 117.2902 0.0000 182.8797 328.4951 308.5612 
430.2023 253.0316 324.7799 262.4690 428.2102 222.2004 90.4434 182.8797 0.0000 395.5781 299.0602 
182.5705 171.6188 84.7585 182.9645 225.3042 344.4488 314.2133 328.4951 395.5781 0.0000 153.0131 
135.1481 181.6480 149.4958 205.6526 147.8682 193.8298 240.6013 308.5612 299.0602 153.0131 0.0000 
# budget 
1346.0936 807.6562 807.6562 807.6562 807.6562 807.6562 807.6562

