3 30 7
0.63 0.23 0.09 
0 0.4 0.68 
0 0 0 0 0 0 0 
0 0 0 0 0 0 0 
0 0 0 0 0 0 0 
0 0 0 0 0 0 0 
0 0 0 0 0 0 0 
0 0 0 0 0 0 0 
0 0 0 0 0 0 0 
0 0 0 0 0 0 0 
0 0 0 0 0 0 0 
0 0 0 0 0 0 0 
0 0 0 0 0 0 0 
0 0 0 0 0 0 0 
0 0 0 0 0 0 0 
0 0 0 0 0 0 0 
0 0 0 0 0 0 0 
0 0 0 0 0 0 0 
0 0 0 0 0 0 0 
0 0 0 0 0 0 0 
0 0 0 0 0 0 0 
0 0 0 0 0 0 0 
0 0 0 0 0 0 0 
0 0 0 0 0 0 0 
0 0 0 0 0 0 0 
0 0 0 0 0 0 0 
0 0 0 0 0 0 0 
0 0 0 0 0 0 0 
0 0 0 0 0 0 0 
0 0 0 0 0 0 0 
0 0 0 0 0 0 0 
0 0 0 0 0 0 0 
50 50 50 50 50 50 50 
50 50 50 50 50 50 50 
50 50 50 50 50 50 50 
50 50 50 50 50 50 50 
50 50 50 50 50 50 50 
50 50 50 50 50 50 50 
50 50 50 50 50 50 50 
50 50 50 50 50 50 50 
50 50 50 50 50 50 50 
50 50 50 50 50 50 50 
50 50 50 50 50 50 50 
50 50 50 50 50 50 50 
50 50 50 50 50 50 50 
50 50 50 50 50 50 50 
50 50 50 50 50 50 50 
50 50 50 50 50 50 50 
50 50 50 50 50 50 50 
50 50 50 50 50 50 50 
50 50 50 50 50 50 50 
50 50 50 50 50 50 50 
50 50 50 50 50 50 50 
50 50 50 50 50 50 50 
50 50 50 50 50 50 50 
50 50 50 50 50 50 50 
50 50 50 50 50 50 50 
50 50 50 50 50 50 50 
50 50 50 50 50 50 50 
50 50 50 50 50 50 50 
50 50 50 50 50 50 50 
50 50 50 50 50 50 50 
13 10 10 15 17 16 11 
13 16 10 13 16 15 14 
16 13 10 14 11 15 17 
15 15 15 11 12 16 16 
10 16 16 10 14 11 10 
15 11 11 15 14 15 11 
16 10 17 14 16 16 13 
13 10 14 15 14 11 13 
12 10 15 14 12 10 13 
16 10 16 13 14 12 12 
16 11 12 16 12 16 12 
15 16 10 14 10 14 14 
11 14 13 14 13 15 10 
12 17 14 13 12 14 10 
13 16 14 13 16 15 15 
13 13 14 14 12 16 13 
10 13 15 17 10 15 15 
17 10 10 10 11 15 14 
15 10 13 16 13 15 15 
13 10 14 11 17 13 17 
15 10 14 11 11 13 17 
16 11 12 11 13 11 10 
14 12 16 14 13 15 10 
16 13 14 15 11 10 11 
15 14 12 14 15 16 13 
14 16 12 17 13 16 17 
10 13 17 14 17 10 13 
10 14 10 17 12 11 17 
14 15 11 14 17 14 14 
14 12 11 10 15 15 13 
19.5 15 15 22.5 25.5 24 16.5 
19.5 24 15 19.5 24 22.5 21 
24 19.5 15 21 16.5 22.5 25.5 
22.5 22.5 22.5 16.5 18 24 24 
15 24 24 15 21 16.5 15 
22.5 16.5 16.5 22.5 21 22.5 16.5 
24 15 25.5 21 24 24 19.5 
19.5 15 21 22.5 21 16.5 19.5 
18 15 22.5 21 18 15 19.5 
24 15 24 19.5 21 18 18 
24 16.5 18 24 18 24 18 
22.5 24 15 21 15 21 21 
16.5 21 19.5 21 19.5 22.5 15 
18 25.5 21 19.5 18 21 15 
19.5 24 21 19.5 24 22.5 22.5 
19.5 19.5 21 21 18 24 19.5 
15 19.5 22.5 25.5 15 22.5 22.5 
25.5 15 15 15 16.5 22.5 21 
22.5 15 19.5 24 19.5 22.5 22.5 
19.5 15 21 16.5 25.5 19.5 25.5 
22.5 15 21 16.5 16.5 19.5 25.5 
24 16.5 18 16.5 19.5 16.5 15 
21 18 24 21 19.5 22.5 15 
24 19.5 21 22.5 16.5 15 16.5 
22.5 21 18 21 22.5 24 19.5 
21 24 18 25.5 19.5 24 25.5 
15 19.5 25.5 21 25.5 15 19.5 
15 21 15 25.5 18 16.5 25.5 
21 22.5 16.5 21 25.5 21 21 
21 18 16.5 15 22.5 22.5 19.5 
16.9 13 13 19.5 22.1 20.8 14.3 
16.9 20.8 13 16.9 20.8 19.5 18.2 
20.8 16.9 13 18.2 14.3 19.5 22.1 
19.5 19.5 19.5 14.3 15.6 20.8 20.8 
13 20.8 20.8 13 18.2 14.3 13 
19.5 14.3 14.3 19.5 18.2 19.5 14.3 
20.8 13 22.1 18.2 20.8 20.8 16.9 
16.9 13 18.2 19.5 18.2 14.3 16.9 
15.6 13 19.5 18.2 15.6 13 16.9 
20.8 13 20.8 16.9 18.2 15.6 15.6 
20.8 14.3 15.6 20.8 15.6 20.8 15.6 
19.5 20.8 13 18.2 13 18.2 18.2 
14.3 18.2 16.9 18.2 16.9 19.5 13 
15.6 22.1 18.2 16.9 15.6 18.2 13 
16.9 20.8 18.2 16.9 20.8 19.5 19.5 
16.9 16.9 18.2 18.2 15.6 20.8 16.9 
13 16.9 19.5 22.1 13 19.5 19.5 
22.1 13 13 13 14.3 19.5 18.2 
19.5 13 16.9 20.8 16.9 19.5 19.5 
16.9 13 18.2 14.3 22.1 16.9 22.1 
19.5 13 18.2 14.3 14.3 16.9 22.1 
20.8 14.3 15.6 14.3 16.9 14.3 13 
18.2 15.6 20.8 18.2 16.9 19.5 13 
20.8 16.9 18.2 19.5 14.3 13 14.3 
19.5 18.2 15.6 18.2 19.5 20.8 16.9 
18.2 20.8 15.6 22.1 16.9 20.8 22.1 
13 16.9 22.1 18.2 22.1 13 16.9 
13 18.2 13 22.1 15.6 14.3 22.1 
18.2 19.5 14.3 18.2 22.1 18.2 18.2 
18.2 15.6 14.3 13 19.5 19.5 16.9 
0 7.42428 3.25576 5.45619 9.25743 8.12712 1.26491 2.91204 4.1 7.90253 8.12712 4.75395 1.31529 5.1788 7.22496 6.84105 4.74236 2.70185 9.32148 7.86384 5.52268 3.80789 4.69574 6.44438 3.10644 1.40357 8.72353 5.24786 5.37587 7.3 6.63702 
7.42428 0 5.24976 9.30215 7.69025 6.1 6.60303 8.48999 9.9905 8.30963 6.1 5.01597 6.40703 4.55412 1.84391 5.2 4.68722 4.81041 3.22025 4.5607 2.51794 5.70789 6.00083 2.01246 4.74236 6.15873 7.58024 4.05216 7.85493 3.47131 2.7 
3.25576 5.24976 0 4.37379 6.18547 4.92443 2.00998 3.25576 4.74236 5.24309 4.92443 1.52315 1.94165 1.92354 5.83095 3.60555 5.0448 2.54951 6.35689 4.61736 4.39318 4.87647 1.80278 5.15461 0.806226 1.93132 5.70088 5.12445 3.33766 4.14367 3.64005 
5.45619 9.30215 4.37379 0 5.95399 5.77754 4.65725 2.64008 2.52982 3.8 5.77754 4.30465 4.82701 4.82597 10.1533 5.22015 9.20869 6.60681 9.33809 6.66108 8.76641 8.72983 3.32866 9.50789 5.14782 5.09902 5.36004 9.40479 1.64012 6.92965 7 
9.25743 7.69025 6.18547 5.95399 0 1.61555 8.00625 7.61183 8.3 2.24722 1.61555 4.70106 8.01311 4.52548 9.36056 2.86007 10.5 8.48999 5.67186 3.14006 8.85889 10.7517 4.5618 9.1 6.74759 8.07775 0.6 10.2626 4.60435 4.22019 5.09215 
8.12712 6.1 4.92443 5.77754 1.61555 0 6.86222 6.9029 7.84474 2.74591 0 3.40147 6.8352 3.10644 7.74919 1.36015 8.94986 7.06045 4.36578 1.60312 7.25603 9.26984 3.53553 7.48465 5.38516 6.8542 1.5 8.68389 4.20595 2.63059 3.47851 
1.26491 6.60303 2.00998 4.65725 8.00625 6.86222 0 2.43311 3.88973 6.72681 6.86222 3.49285 0.223607 3.93192 6.68431 5.57853 4.7676 2.28473 8.22253 6.62722 5.02195 4.11096 3.44819 5.9203 1.99249 0.538516 7.4793 5.12445 4.30116 6.1131 5.5109 
2.91204 8.48999 3.25576 2.64008 7.61183 6.9029 2.43311 0 1.52643 5.79396 6.9029 4.12311 2.64764 4.70106 8.88369 5.88558 7.20069 4.68402 9.43663 7.22772 7.28972 6.50077 3.47131 8.14923 3.78021 2.96142 7.0214 7.54321 3.10161 7.07743 6.77422 
4.1 9.9905 4.74236 2.52982 8.3 7.84474 3.88973 1.52643 0 6.2514 7.84474 5.43783 4.11096 6.0208 10.4101 6.98928 8.63481 6.16847 10.7703 8.39345 8.81192 7.85175 4.65188 9.67471 5.30094 4.42719 7.7 9.01388 3.7054 8.37257 8.16088 
7.90253 8.30963 5.24309 3.8 2.24722 2.74591 6.72681 5.79396 6.2514 0 2.74591 4.03113 6.7897 4.14849 9.73293 3.1257 10.1134 7.76981 7.06824 4.21545 8.85268 10.102 3.44093 9.30591 5.96825 6.93109 1.7 10.0305 2.69258 5.02195 5.61427 
8.12712 6.1 4.92443 5.77754 1.61555 0 6.86222 6.9029 7.84474 2.74591 0 3.40147 6.8352 3.10644 7.74919 1.36015 8.94986 7.06045 4.36578 1.60312 7.25603 9.26984 3.53553 7.48465 5.38516 6.8542 1.5 8.68389 4.20595 2.63059 3.47851 
4.75395 5.01597 1.52315 4.30465 4.70106 3.40147 3.49285 4.12311 5.43783 4.03113 3.40147 0 3.44819 0.583095 6.0531 2.08806 6.08358 3.82884 5.33385 3.20624 4.92544 6.14003 0.984886 5.50364 2.05183 3.45398 4.245 6.00833 2.84605 2.95466 2.75862 
1.31529 6.40703 1.94165 4.82701 8.01311 6.8352 0.223607 2.64764 4.11096 6.7897 6.8352 3.44819 0 3.86394 6.46607 5.53624 4.55412 2.06155 8.08084 6.54905 4.80104 3.92046 3.46699 5.70088 1.84391 0.316228 7.49466 4.90408 4.41022 6.00333 5.37587 
5.1788 4.55412 1.92354 4.82597 4.52548 3.10644 3.93192 4.70106 6.0208 4.14849 3.10644 0.583095 3.86394 0 5.70789 1.74929 6.05392 3.96989 4.75079 2.70185 4.70744 6.22896 1.5 5.20865 2.28254 3.83275 4.12311 5.90931 3.31059 2.37697 2.19317 
7.22496 1.84391 5.83095 10.1533 9.36056 7.74919 6.68431 8.88369 10.4101 9.73293 7.74919 6.0531 6.46607 5.70789 0 6.7082 3.43657 4.52769 5.03289 6.27694 1.70294 4.63249 7.00357 0.781025 5.14296 6.17171 9.19239 2.71662 8.86454 5.16236 4.272 
6.84105 5.2 3.60555 5.22015 2.86007 1.36015 5.57853 5.88558 6.98928 3.1257 1.36015 2.08806 5.53624 1.74929 6.7082 0 7.64003 5.70088 4.20119 1.44222 6.04152 7.92086 2.41868 6.36003 4.03113 5.53624 2.54951 7.40945 3.5805 1.93132 2.5 
4.74236 4.68722 5.0448 9.20869 10.5 8.94986 4.7676 7.20069 8.63481 10.1134 8.94986 6.08358 4.55412 6.05392 3.43657 7.64003 0 2.60192 7.72528 7.85684 2.18403 1.253 6.76757 2.8 4.245 4.24264 10.1514 0.728011 8.37437 6.82495 5.84123 
2.70185 4.81041 2.54951 6.60681 8.48999 7.06045 2.28473 4.68402 6.16847 7.76981 7.06045 3.82884 2.06155 3.96989 4.52769 5.70088 2.60192 0 7.10282 6.30714 2.82843 2.33238 4.34166 3.74833 1.80278 1.74642 8.06226 2.86356 5.82409 5.47083 4.60977 
9.32148 3.22025 6.35689 9.33809 5.67186 4.36578 8.22253 9.43663 10.7703 7.06824 4.36578 5.33385 8.08084 4.75079 5.03289 4.20119 7.72528 7.10282 0 2.86531 5.55428 8.58662 6.16117 5.21536 6.23699 7.92465 5.79741 7.15891 7.70779 2.42074 2.72029 
7.86384 4.5607 4.61736 6.66108 3.14006 1.60312 6.62722 7.22772 8.39345 4.21545 1.60312 3.20624 6.54905 2.70185 6.27694 1.44222 7.85684 6.30714 2.86531 0 5.98164 8.34865 3.76431 6.09016 4.85077 6.49384 3.10161 7.50067 5.02195 1.11803 2.08087 
5.52268 2.51794 4.39318 8.76641 8.85889 7.25603 5.02195 7.28972 8.81192 8.85268 7.25603 4.92544 4.80104 4.70744 1.70294 6.04152 2.18403 2.82843 5.55428 5.98164 0 3.2 5.80086 0.921954 3.64005 4.5 8.59069 1.61245 7.61052 4.89183 3.90512 
3.80789 5.70789 4.87647 8.72983 10.7517 9.26984 4.11096 6.50077 7.85175 10.102 9.26984 6.14003 3.92046 6.22896 4.63249 7.92086 1.253 2.33238 8.58662 8.34865 3.2 0 6.67308 3.94588 4.13401 3.63456 10.3479 1.96977 8.09938 7.39256 6.44127 
4.69574 6.00083 1.80278 3.32866 4.5618 3.53553 3.44819 3.47131 4.65188 3.44093 3.53553 0.984886 3.46699 1.5 7.00357 2.41868 6.76757 4.34166 6.16117 3.76431 5.80086 6.67308 0 6.42806 2.54951 3.5609 4.03113 6.76831 1.86815 3.74433 3.68782 
6.44438 2.01246 5.15461 9.50789 9.1 7.48465 5.9203 8.14923 9.67471 9.30591 7.48465 5.50364 5.70088 5.20865 0.781025 6.36003 2.8 3.74833 5.21536 6.09016 0.921954 3.94588 6.42806 0 4.43847 5.4037 8.88651 2.1095 8.27345 4.97393 4.02492 
3.10644 4.74236 0.806226 5.14782 6.74759 5.38516 1.99249 3.78021 5.30094 5.96825 5.38516 2.05183 1.84391 2.28254 5.14296 4.03113 4.245 1.80278 6.23699 4.85077 3.64005 4.13401 2.54951 4.43847 0 1.70294 6.29682 4.31856 4.14367 4.20476 3.53553 
1.40357 6.15873 1.93132 5.09902 8.07775 6.8542 0.538516 2.96142 4.42719 6.93109 6.8542 3.45398 0.316228 3.83275 6.17171 5.53624 4.24264 1.74642 7.92465 6.49384 4.5 3.63456 3.5609 5.4037 1.70294 0 7.57166 4.58803 4.61411 5.90085 5.2345 
8.72353 7.58024 5.70088 5.36004 0.6 1.5 7.4793 7.0214 7.7 1.7 1.5 4.245 7.49466 4.12311 9.19239 2.54951 10.1514 8.06226 5.79741 3.10161 8.59069 10.3479 4.03113 8.88651 6.29682 7.57166 0 9.94786 4.005 4.11947 4.92443 
5.24786 4.05216 5.12445 9.40479 10.2626 8.68389 5.12445 7.54321 9.01388 10.0305 8.68389 6.00833 4.90408 5.90931 2.71662 7.40945 0.728011 2.86356 7.15891 7.50067 1.61245 1.96977 6.76831 2.1095 4.31856 4.58803 9.94786 0 8.45931 6.43506 5.44518 
5.37587 7.85493 3.33766 1.64012 4.60435 4.20595 4.30116 3.10161 3.7054 2.69258 4.20595 2.84605 4.41022 3.31059 8.86454 3.5805 8.37437 5.82409 7.70779 5.02195 7.61052 8.09938 1.86815 8.27345 4.14367 4.61411 4.005 8.45931 0 5.30754 5.43783 
7.3 3.47131 4.14367 6.92965 4.22019 2.63059 6.1131 7.07743 8.37257 5.02195 2.63059 2.95466 6.00333 2.37697 5.16236 1.93132 6.82495 5.47083 2.42074 1.11803 4.89183 7.39256 3.74433 4.97393 4.20476 5.90085 4.11947 6.43506 5.30754 0 0.989949 
6.63702 2.7 3.64005 7 5.09215 3.47851 5.5109 6.77422 8.16088 5.61427 3.47851 2.75862 5.37587 2.19317 4.272 2.5 5.84123 4.60977 2.72029 2.08087 3.90512 6.44127 3.68782 4.02492 3.53553 5.2345 4.92443 5.44518 5.43783 0.989949 0 
46.31 40 40 40 0 40 40 
